Vec Object: 2 MPI processes
  type: mpi
Process [0]
0.
0.00642359
0.0128391
0.0192384
0.0256135
0.0319563
0.0382589
0.0445135
0.0507122
0.0568473
0.0629113
0.0688967
0.0747962
0.0806027
0.0863091
0.0919087
0.0973948
0.102761
0.108001
0.113109
0.118079
0.122905
0.127583
0.132107
0.136473
0.140675
0.14471
0.148574
0.152263
0.155773
0.159101
0.162246
0.165203
0.16797
0.170546
0.17293
0.175118
0.177111
0.178907
0.180506
0.181907
0.18311
0.184116
0.184925
0.185537
0.185954
0.186176
0.186205
0.186042
0.18569
Process [1]
0.18515
0.184424
0.183515
0.182425
0.181157
0.179714
0.178099
0.176315
0.174365
0.172253
0.169982
0.167556
0.164978
0.162252
0.159382
0.156372
0.153227
0.149949
0.146543
0.143013
0.139364
0.135599
0.131723
0.12774
0.123653
0.119468
0.115188
0.110818
0.106361
0.101822
0.0972058
0.0925152
0.0877549
0.0829289
0.0780412
0.0730959
0.0680969
0.0630482
0.0579538
0.0528176
0.0476434
0.0424351
0.0371966
0.0319317
0.0266442
0.0213379
0.0160166
0.010684
0.00534386
0.
